normcov <-
structure(list(Scaffold = c("DPSCF300001", "DPSCF300010", "DPSCF300014", 
"DPSCF300041", "DPSCF300009", "DPSCF300048", "DPSCF300022", "DPSCF300006", 
"DPSCF300064", "DPSCF300028", "DPSCF300002", "DPSCF300003", "DPSCF300017", 
"DPSCF300013", "DPSCF300042", "DPSCF300004", "DPSCF300008", "DPSCF300035", 
"DPSCF300005", "DPSCF300007", "DPSCF300021", "DPSCF300027", "DPSCF300011", 
"DPSCF300018", "DPSCF300053", "DPSCF300012", "DPSCF300082", "DPSCF300038", 
"DPSCF300016", "DPSCF300061", "DPSCF300029", "DPSCF300030", "DPSCF300015", 
"DPSCF300088", "DPSCF300072", "DPSCF300033", "DPSCF300020", "DPSCF300019", 
"DPSCF300034", "DPSCF300117", "DPSCF300026", "DPSCF300043", "DPSCF300044", 
"DPSCF300063", "DPSCF300031", "DPSCF300023", "DPSCF300032", "DPSCF300052", 
"DPSCF300078", "DPSCF300108", "DPSCF300191", "DPSCF300024", "DPSCF300025", 
"DPSCF300115", "DPSCF300071", "DPSCF300045", "DPSCF300176", "DPSCF300173", 
"DPSCF300036", "DPSCF300040", "DPSCF300039", "DPSCF300077", "DPSCF300054", 
"DPSCF300057", "DPSCF300079", "DPSCF300046", "DPSCF300050", "DPSCF300037", 
"DPSCF300055", "DPSCF300076", "DPSCF300073", "DPSCF300070", "DPSCF300212", 
"DPSCF300067", "DPSCF300047", "DPSCF300131", "DPSCF300049", "DPSCF300090", 
"DPSCF300051", "DPSCF300056", "DPSCF300098", "DPSCF300196", "DPSCF300095", 
"DPSCF300143", "DPSCF300223", "DPSCF300086", "DPSCF300138", "DPSCF300128", 
"DPSCF300150", "DPSCF300091", "DPSCF300058", "DPSCF300129", "DPSCF300059", 
"DPSCF300060", "DPSCF300232", "DPSCF300168", "DPSCF300099", "DPSCF300140", 
"DPSCF300062", "DPSCF300160", "DPSCF300065", "DPSCF300066", "DPSCF300231", 
"DPSCF300068", "DPSCF300069", "DPSCF300222", "DPSCF300182", "DPSCF300262", 
"DPSCF300177", "DPSCF300074", "DPSCF300171", "DPSCF300111", "DPSCF300208", 
"DPSCF300075", "DPSCF300104", "DPSCF300122", "DPSCF300234", "DPSCF300147", 
"DPSCF300170", "DPSCF300149", "DPSCF300096", "DPSCF300174", "DPSCF300094", 
"DPSCF300080", "DPSCF300081", "DPSCF300113", "DPSCF300195", "DPSCF300083", 
"DPSCF300084", "DPSCF300188", "DPSCF300089", "DPSCF300085", "DPSCF300087", 
"DPSCF300219", "DPSCF300092", "DPSCF300093", "DPSCF300236", "DPSCF300127", 
"DPSCF300097", "DPSCF300322", "DPSCF300100", "DPSCF300109", "DPSCF300235", 
"DPSCF300101", "DPSCF300102", "DPSCF300103", "DPSCF300105", "DPSCF300106", 
"DPSCF300107", "DPSCF300110", "DPSCF300130", "DPSCF300119", "DPSCF300112", 
"DPSCF300124", "DPSCF300121", "DPSCF300114", "DPSCF300116", "DPSCF300126", 
"DPSCF300118", "DPSCF300120", "DPSCF300245", "DPSCF300152", "DPSCF300123", 
"DPSCF300203", "DPSCF300125", "DPSCF300137", "DPSCF300297", "DPSCF300221", 
"DPSCF300289", "DPSCF300132", "DPSCF300133", "DPSCF300141", "DPSCF300134", 
"DPSCF300250", "DPSCF300135", "DPSCF300276", "DPSCF300136", "DPSCF300192", 
"DPSCF300144", "DPSCF300139", "DPSCF300287", "DPSCF300251", "DPSCF300229", 
"DPSCF300180", "DPSCF300142", "DPSCF300218", "DPSCF300145", "DPSCF300146", 
"DPSCF300237", "DPSCF300154", "DPSCF300290", "DPSCF300265", "DPSCF300148", 
"DPSCF300151", "DPSCF300155", "DPSCF300407", "DPSCF300153", "DPSCF300258", 
"DPSCF300204", "DPSCF300230", "DPSCF300156", "DPSCF300256", "DPSCF300185", 
"DPSCF300193", "DPSCF300157", "DPSCF300158", "DPSCF300159", "DPSCF300216", 
"DPSCF300298", "DPSCF300273", "DPSCF300161", "DPSCF300281", "DPSCF300162", 
"DPSCF300167", "DPSCF300183", "DPSCF300271", "DPSCF300163", "DPSCF300164", 
"DPSCF300346", "DPSCF300197", "DPSCF300165", "DPSCF300169", "DPSCF300166", 
"DPSCF300172", "DPSCF300345", "DPSCF300259", "DPSCF300175", "DPSCF300254", 
"DPSCF300214", "DPSCF300178", "DPSCF300239", "DPSCF300179", "DPSCF300181", 
"DPSCF300303", "DPSCF300198", "DPSCF300355", "DPSCF300194", "DPSCF300184", 
"DPSCF300186", "DPSCF300260", "DPSCF300187", "DPSCF300189", "DPSCF300356", 
"DPSCF300350", "DPSCF300190", "DPSCF300283", "DPSCF300199", "DPSCF300238", 
"DPSCF300200", "DPSCF300252", "DPSCF300249", "DPSCF300201", "DPSCF300202", 
"DPSCF300354", "DPSCF300205", "DPSCF300206", "DPSCF300207", "DPSCF300209", 
"DPSCF300210", "DPSCF300211", "DPSCF300213", "DPSCF300215", "DPSCF300217", 
"DPSCF300286", "DPSCF300220", "DPSCF300277", "DPSCF300329", "DPSCF300266", 
"DPSCF300224", "DPSCF300225", "DPSCF300226", "DPSCF300263", "DPSCF300227", 
"DPSCF300228", "DPSCF300325", "DPSCF300275", "DPSCF300323", "DPSCF300233", 
"DPSCF300296", "DPSCF300334", "DPSCF300240", "DPSCF300241", "DPSCF300242", 
"DPSCF300328", "DPSCF300243", "DPSCF300331", "DPSCF300244", "DPSCF300246", 
"DPSCF300247", "DPSCF300248", "DPSCF300341", "DPSCF300253", "DPSCF300255", 
"DPSCF300268", "DPSCF300257", "DPSCF300300", "DPSCF300337", "DPSCF300294", 
"DPSCF300315", "DPSCF300261", "DPSCF300264", "DPSCF300299", "DPSCF300267", 
"DPSCF300269", "DPSCF300374", "DPSCF300270", "DPSCF300272", "DPSCF300336", 
"DPSCF300274", "DPSCF300332", "DPSCF300306", "DPSCF300279", "DPSCF300278", 
"DPSCF300344", "DPSCF300391", "DPSCF300280", "DPSCF300282", "DPSCF300284", 
"DPSCF300285", "DPSCF300288", "DPSCF300401", "DPSCF300291", "DPSCF300292", 
"DPSCF300293", "DPSCF300382", "DPSCF300427", "DPSCF300327", "DPSCF300295", 
"DPSCF300316", "DPSCF300426", "DPSCF300301", "DPSCF300302", "DPSCF300304", 
"DPSCF300305", "DPSCF300307", "DPSCF300308", "DPSCF300309", "DPSCF300379", 
"DPSCF300310", "DPSCF300431", "DPSCF300446", "DPSCF300311", "DPSCF300349", 
"DPSCF300312", "DPSCF300313", "DPSCF300314", "DPSCF300340", "DPSCF300364", 
"DPSCF300317", "DPSCF300318", "DPSCF300319", "DPSCF300320", "DPSCF300321", 
"DPSCF300324", "DPSCF300326", "DPSCF300370", "DPSCF300330", "DPSCF300403", 
"DPSCF300400", "DPSCF300333", "DPSCF300335", "DPSCF300393", "DPSCF300338", 
"DPSCF300339"),