break.points <-
structure(c(5820000, 760000, 1805000, 290000), .Names = c("split01", 
"split28.1", "split28.2", "split44"))
